1 3827
2 8450
3 1384
4 15159
5 9487
6 8994
7 25360
8 29781
9 11269
10 25053
11 18172
12 4794
13 2659
14 24762
15 3687
16 27040
17 15368
18 31782
19 2337
20 13527
21 18318
22 89
23 9186
24 30770
25 19691
26 28748
27 14129
28 2342
29 19354
30 18541
31 24076
32 7574
33 8438
34 21645
35 28603
36 31726
37 2865
38 17457
39 9846
40 11966
41 13988
42 19611
43 2413
44 314
45 21856
46 10997
47 9004
48 3704
49 5620
50 2411
51 1181
52 19910
53 8417
54 20705
55 7276
56 17728
57 17104
58 31748
59 12496
60 29239
61 23295
62 22012
63 8357
64 21699
65 11958
66 24160
67 29318
68 1119
69 21312
70 6901
71 12424
72 12782
73 8226
74 26964
75 20016
76 285
77 6297
78 7030
79 23588
80 4124
81 13416
82 7858
83 29700
84 26045
85 27776
86 26349
87 15193
88 15320
89 4947
90 26660
91 12200
92 14235
93 14595
94 6280
95 22273
96 3645
97 25214
98 123
99 27833
100 30287
101 32520
102 8468
103 31386
104 18806
105 20229
106 16145
107 2431
108 4263
109 30389
110 18431
111 8532
112 21202
113 28696
114 2985
115 2286
116 17809
117 13008
118 29290
119 1759
120 4227
121 16149
122 23155
123 10504
124 12446
125 7989
126 9839
127 7138
128 19506
129 14833
130 20282
131 5243
132 5789
133 30995
134 8132
135 25605
136 4313
137 22633
138 29354
139 29517
140 29655
141 2673
142 20070
143 22929
144 2905
145 24429
146 18604
147 4885
148 15881
149 20621
150 15193
151 2370
152 10025
153 14505
154 30528
155 5177
156 27160
157 22961
158 23524
159 12070
160 13402
161 29666
162 2741
163 32729
164 2277
165 13697
166 26831
167 12266
168 7550
169 26636
170 21145
171 12493
172 4470
173 21673
174 10814
175 13160
176 31355
177 10320
178 27019
179 17108
180 11521
181 3329
182 30183
183 30070
184 22127
185 18143
186 28858
187 5666
188 12419
189 1063
190 8193
191 22164
192 30838
193 14448
194 5947
195 29713
196 10427
197 16137
198 30547
199 14574
200 19630
